
% 取り込み２０台

% 台数の定義
posset_Na = 20;

% 配置の定義．

posset = [
1.31708802588129	0.972094533018175
1.68853088696639	-0.118736017532740
2.66405436386214	-0.172760896934744
2.03909812307252	-1.00732095068393
-0.00750723316853045	-1.01816607071944
-0.739490234656961	1.00916406325220
0.229395444384650	0.809844684405552
0.887379561994459	0.180159886636996
1.02642023955397	-0.875475197606125
0.270655167233358	-0.274078871653284
-1.78976296024367	1.00690271113244
-1.28665859308203	0.274583577383867
-0.453878197190199	0.0916535850935810
-0.917392397620175	-0.698297684166553
-1.84610287481535	-1.01467988389744
-2.84398530374119	1.19114143327509
-2.43807707969201	0.400228921581893
-1.87316018757257	-0.233344335355830
-2.81553665204733	-0.401509108757271
-2.76218980512420	-1.26019749137222];
posset_x = posset(:,1);
posset_y = posset(:,2);
